-864
607
1720
723
1491
-499
1723
918
700
197
1918
1640
1638
1346
855
652
421
1893
-526
-295
995
-270
426
653
-498
1963
805
1434
190
840
-884
1830
723
539
462
449
-789
507
611
1977
463
183
-300
30
-926
1239
687
150
-564
1781
35
-165
-381
1488
1820
259
129
733
36
1335
-851
-786
1563
-535
726
1874
-833
1212
825
1919
-451
-548
1341
1091
826
-227
1155
958
466
1359
684
133
908
1465
555
695
1883
-282
1641
1264
164
-408
762
-761
1719
-11
-841
210
1301
1636
1541
1020
-478
1792
1721
939
-38
-233
1454
-177
989
-685
1099
-123
350
-842
1041
1973
1038
23
1401
-246
631
-9
-880
879
1712
295
1687
-652
-920
381
227
-8
1413
-443
-601
1085
223
-933
957
-89
-372
16
-719
1625
1999
1081
1865
-817
482
1644
222
-988
615
-43
1228
-485
-940
1077
210
-236
-610
510
1802
324
1549
-890
310
595
-127
151
1501
-866
611
-950
1590
529
1141
1610
-929
1394
-881
-953
785
-351
1525
1334
736
1042
-741
1562
1159
1464
275
1724
-964
1924
157
1109
-612
-292
1623
-737
974
1103
-956
-417
689
314
-141
-777
475
1522
-164
-969
412
-945
-640
-608
918
328
-853
-958
-394
1025
637
-632
-528
136
621
1058
-840
1889
1145
877
1514
55
481
784
62
286
583
-339
1456
259
204
936
366
1353
677
568
1384
-909
163
1040
1729
356
-119
920
-781
109
605
-270
-813
937
729
-11
1897
1257
1571
-316
610
237
719
-760
-342
730
724
-573
203
462
1663
1272
1469
520
-9
913
1729
-710
49
1613
461
1725
1843
-203
-483
923
343
1252
-826
549
1997
-627
1905
-287
305
108
-560
-956
-606
1627
0
1079
1550
489
625
-453
-774
-695
-377
500
1944
110
1475
1038
1895
681
541
115
31
592
376
1948
494
646
-640
955
859
78
558
1767
-996
-669
428
1477
1271
1082
-355
978
136
-558
1695
413
1098
-910
1750
920
481
466
1557
1536
430
-841
-544
-2
1326
1140
-944
1739
1192
-502
756
1881
1475
517
1212
502
-460
1594
-842
1323
1848
1776
-785
494
1277
790
-561
487
182
-212
1815
1011
1091
1384
-6
1797
172
-778
-745
-470
-215
637
-26
1143
-809
-760
1446
1937
-710
1773
797
-712
-877
1750
46
-536
1412
1178
1634
1712
1727
38
585
-944
-392
191
-318
1047
429
681
1698
-850
-890
183
683
-838
-142
-989
1461
1305
712
134
753
195
1883
-234
1084
563
1677
1841
1920
697
-578
197
1453
-704
705
1351
167
1472
1455
1928
445
1149
1437
1064
1363
471
160
1746
-89
415
154
-574
981
-478
1545
-162
-738
-436
639
-650
581
1524
1858
-947
-428
-304
338
1966
186
-361
-390
-420
145
650
1479
1049
1845
-417
1860
424
205
1840
581
-828
1117
-483
-552
566
350
223
-436
434
427
-628
384
539
-701
1667
632
246
1147
599
1712
-502
1138
-947
780
1486
-436
-266
1217
-120
1373
1842
137
59
-925
-213
1428
1544
1573
100
-560
1975
951
962
110
-54
-687
1069
1438
1061
1198
1593
-345
845
-171
1111
885
1188
615
815
-866
1216
798
-392
1488
1380
-915
-669
1556
-49
1456
764
1159
-968
332
134
1746
1818
1192
832
4
777
1128
1196
1683
1747
852
1487
824
816
744
558
1173
1748
1846
1658
1397
1750
1257
284
992
1340
721
324
-895
1924
-822
-880
1465
969
1077
1368
-976
-855
106
1541
909
1084
1877
832
1730
-300
1915
-142
484
771
1824
743
-610
1256
389
1145
211
-395
-563
1207
1311
284
862
1848
1431
1361
334
577
1024
650
-129
-607
858
929
1877
-721
1732
-304
897
923
244
615
1619
1221
1843
1247
583
-744
760
1261
-553
-703
423
-484
-709
-477
286
830
166
1734
-416
-749
1040
-694
7
1917
-830
-193
276
499
-411
-390
-550
1744
612
-144
135
-882
1799
1258
-996
1946
1611
-645
1270
-261
1491
1473
1027
-149
47
829
1952
-852
-797
-239
485
1301
1735
1612
1475
-766
-144
-544
1346
-527
1837
-795
600
1648
1743
1777
900
-77
-81
1118
1521
118
-154
-595
827
1939
1250
1266
421
-876
-450
-835
-800
-799
-809
-925
-10
-990
-339
548
1008
1028
428
531
1231
-614
1454
-807
744
-923
1825
-657
-352
321
1184
1999
1446
238
-149
457
1090
-94
841
-276
570
-467
168
-510
1704
1675
1737
-509
1907
389
-376
1198
-657
1496
1748
-828
1324
1704
1243
847
660
1917
-503
-65
-650
1723
392
1702
-255
104
-788
-353
1192
788
1482
-403
1286
1498
1186
937
-852
-478
954
651
1898
1688
1799
-123
942
1276
-485
-520
1623
448
-718
1467
1166
667
135
-191
-494
705
-940
-46
-165
-861
70
1026
878
-312
-536
149
1602
-132
1550
-49
793
1731
-795
-162
783
440
-793
1877
1777
1634
1659
1835
1838
1556
-202
1495
42
-238
777
-429
1621
1539
1795
-413
-257
1694
1555
661
1380
-472
-21
1079
-883
-492
-677
543
-45
1168
1662
-429
336
-182
1861
383
1729
-142
-465
304
1383
-779
1086
1923
1875
1058
1438
1237
-494
-853
-997
1938
165
-984
97
815
-130
953
1045
981
1612
1433
-271
-615
335
-79
-46
-872
613
-980
780
1371
1395
1305
1239
500
1250
1410
1286
-895
1816
-485
1169
638
-360
219
1573
1875
1444
219
755
-486
835
1141
1604
-459
1691
-126
1679
-225
13
1918
64
373
523
577
866
-399
815
1600
682
1432
1793
1256
1153
349
-763
1838
-510
537
1961
376
-24
1847
678
677
1452
-765
221
-812
746
-579
-367
454
1390
583
